301
302
309
310
317
318
325
326
333
334
341
342
349
350
357
358
365
366
373
374
381
382
389
390
397
398
405
406
303
304
311
312
319
320
327
328
335
336
343
344
351
352
359
360
367
368
375
376
383
384
391
392
399
400
407
408
305
306
313
314
321
322
329
330
337
338
345
346
353
354
361
362
369
370
377
378
385
386
393
394
401
402
409
410
307
308
315
316
323
324
331
332
339
340
347
348
355
356
363
364
371
372
379
380
387
388
395
396
403
404
411
412
413
414
421
422
429
430
437
438
445
446
453
454
461
462
469
470
477
478
485
486
493
494
501
502
509
510
517
518
415
416
423
424
431
432
439
440
447
448
455
456
463
464
471
472
479
480
487
488
495
496
503
504
511
512
519
520
417
418
425
426
433
434
441
442
449
450
457
458
465
466
473
474
481
482
489
490
497
498
505
506
513
514
521
522
419
420
427
428
435
436
443
444
451
452
459
460
467
468
475
476
483
484
491
492
499
500
507
508
515
516
523
524
525
526
533
534
541
542
549
550
557
558
565
566
573
574
581
582
589
590
597
598
605
606
613
614
621
622
629
630
527
528
535
536
543
544
551
552
559
560
567
568
575
576
583
584
591
592
599
600
607
608
615
616
623
624
631
632
529
530
537
538
545
546
553
554
561
562
569
570
577
578
585
586
593
594
601
602
609
610
617
618
625
626
633
634
531
532
539
540
547
548
555
556
563
564
571
572
579
580
587
588
595
596
603
604
611
612
619
620
627
628
635
636